0
0.009999833
0.019998667
0.0299955
0.039989334
0.049979169
0.059964006
0.069942847
0.079914694
0.089878549
0.099833417
0.109778301
0.119712207
0.129634143
0.139543115
0.149438132
0.159318207
0.169182349
0.179029573
0.188858895
0.198669331
0.2084599
0.218229623
0.227977524
0.237702626
0.247403959
0.257080552
0.266731437
0.276355649
0.285952225
0.295520207
0.305058636
0.314566561
0.324043028
0.333487092
0.342897807
0.352274233
0.361615432
0.370920469
0.380188415
0.389418342
0.398609328
0.407760453
0.416870802
0.425939465
0.434965534
0.443948107
0.452886285
0.461779176
0.470625888
0.479425539
0.488177247
0.496880138
0.505533341
0.514135992
0.522687229
0.531186198
0.539632049
0.548023937
0.556361023
0.564642473
0.57286746
0.581035161
0.589144758
0.597195441
0.605186406
0.613116852
0.620985987
0.628793024
0.636537182
0.644217687
0.651833771
0.659384672
0.666869635
0.674287912
0.68163876
0.688921445
0.696135239
0.703279419
0.710353272
0.717356091
0.724287174
0.73114583
0.737931371
0.74464312
0.751280405
0.757842563
0.764328937
0.770738879
0.777071748
0.78332691
0.78950374
0.79560162
0.801619941
0.8075581
0.813415505
0.819191568
0.824885713
0.83049737
0.836025979
0.841470985
0.846831845
0.852108022
0.857298989
0.862404227
0.867423226
0.872355482
0.877200504
0.881957807
0.886626914
0.89120736
0.895698686
0.900100442
0.904412189
0.908633496
0.91276394
0.916803109
0.920750598
0.924606012
0.928368967
0.932039086
0.935616002
0.939099356
0.942488802
0.945783999
0.948984619
0.952090342
0.955100856
0.95801586
0.960835064
0.963558185
0.966184952
0.9687151
0.971148378
0.973484542
0.975723358
0.977864602
0.979908061
0.98185353
0.983700815
0.98544973
0.987100101
0.988651763
0.99010456
0.991458348
0.992712991
0.993868363
0.99492435
0.995880845
0.996737752
0.997494987
0.998152472
0.998710144
0.999167945
0.999525831
0.999783764
0.99994172
0.999999683
0.999957646
0.999815615
0.999573603
0.999231634
0.998789743
0.998247974
0.997606381
0.996865028
0.99602399
0.99508335
0.994043202
0.992903651
0.99166481
0.990326804
0.988889766
0.98735384
0.985719179
0.983985947
0.982154317
0.980224473
0.978196607
0.976070922
0.973847631
0.971526956
0.969109129
0.966594392
0.963982996
0.961275203
0.958471283
0.955571517
0.952576194
0.949485615
0.946300088
0.943019931
0.939645474
0.936177052
0.932615014
0.928959715
0.925211521
0.921370806
0.917437955
0.913413361
0.909297427
0.905090563
0.900793192
0.896405741
0.891928651
0.887362369
0.882707351
0.877964063
0.87313298
0.868214583
0.863209367
0.85811783
0.852940482
0.84767784
0.842330432
0.836898791
0.831383461
0.825784993
0.820103948
0.814340892
0.808496404
0.802571066
0.796565472
0.790480222
0.784315925
0.778073197
0.771752662
0.765354953
0.758880708
0.752330576
0.745705212
0.739005278
0.732231444
0.725384387
0.718464793
0.711473353
0.704410766
0.697277738
0.690074984
0.682803222
0.675463181
0.668055593
0.660581201
0.653040752
0.645434998
0.637764702
0.63003063
0.622233555
0.614374258
0.606453523
0.598472144
0.590430918
0.58233065
0.574172148
0.56595623
0.557683717
0.549355436
0.54097222
0.532534908
0.524044342
0.515501372
0.506906852
0.498261642
0.489566607
0.480822615
0.472030541
0.463191265
0.45430567
0.445374645
0.436399082
0.42737988
0.418317941
0.40921417
0.400069478
0.390884779
0.381660992
0.372399039
0.363099847
0.353764345
0.344393467
0.33498815
0.325549335
0.316077964
0.306574986
0.297041351
0.287478012
0.277885926
0.268266051
0.25861935
0.248946787
0.239249329
0.229527947
0.219783612
0.210017299
0.200229985
0.190422647
0.180596268
0.170751829
0.160890315
0.151012712
0.141120008
0.131213192
0.121293255
0.111361189
0.101417986
0.091464642
0.081502152
0.071531511
0.061553717
0.051569768
0.041580662
0.031587398
0.021590976
0.011592394
0.001592653
-0.008407247
-0.018406307
-0.028403526
-0.038397905
-0.048388443
-0.058374143
-0.068354006
-0.078327033
-0.088292228
-0.098248594
-0.108195135
-0.118130856
-0.128054764
-0.137965867
-0.147863174
-0.157745694
-0.16761244
-0.177462425
-0.187294664
-0.197108173
-0.206901972
-0.21667508
-0.226426522
-0.236155321
-0.245860504
-0.255541102
-0.265196146
-0.27482467
-0.284425713
-0.293998312
-0.303541513
-0.313054359
-0.3225359
-0.331985188
-0.341401278
-0.350783228
-0.360130099
-0.369440959
-0.378714874
-0.387950918
-0.397148167
-0.406305702
-0.415422607
-0.424497969
-0.433530883
-0.442520443
-0.451465752
-0.460365915
-0.469220041
-0.478027246
-0.486786649
-0.495497373
-0.504158548
-0.512769307
-0.52132879
-0.529836141
-0.538290508
-0.546691047
-0.555036917
-0.563327284
-0.571561319
-0.579738198
-0.587857103
-0.595917224
-0.603917753
-0.611857891
-0.619736844
-0.627553823
-0.635308048
-0.642998742
-0.650625137
-0.65818647
-0.665681985
-0.673110932
-0.680472569
-0.687766159
-0.694990973
-0.702146289
-0.70923139
-0.716245569
-0.723188124
-0.730058361
-0.736855592
-0.743579139
-0.750228328
-0.756802495
-0.763300983
-0.769723141
-0.776068327
-0.782335907
-0.788525254
-0.79463575
-0.800666782
-0.806617749
-0.812488054
-0.818277111
-0.823984341
-0.829609174
-0.835151046
-0.840609404
-0.845983701
-0.851273401
-0.856477974
-0.8615969
-0.866629667
-0.871575772
-0.87643472
-0.881206026
-0.885889211
-0.890483809
-0.894989358
-0.89940541
-0.903731521
-0.907967261
-0.912112204
-0.916165937
-0.920128054
-0.923998159
-0.927775865
-0.931460794
-0.935052578
-0.938550857
-0.941955282
-0.945265512
-0.948481217
-0.951602074
-0.954627772
-0.957558007
-0.960392488
-0.963130931
-0.965773061
-0.968318614
-0.970767337
-0.973118983
-0.975373319
-0.977530118
-0.979589164
-0.981550253
-0.983413188
-0.985177782
-0.986843859
-0.988411252
-0.989879805
-0.991249371
-0.992519813
-0.993691004
-0.994762826
-0.995735173
-0.996607947
-0.997381062
-0.998054439
-0.998628011
-0.999101722
-0.999475523
-0.999749377
-0.999923258
-0.999997146
-0.999971036
-0.99984493
-0.99961884
-0.999292789
-0.998866809
-0.998340944
-0.997715246
-0.996989776
-0.996164609
-0.995239826
-0.99421552
-0.993091793
-0.991868757
-0.990546536
-0.989125261
-0.987605074
-0.985986127
-0.984268583
-0.982452613
-0.980538398
-0.97852613
-0.97641601
-0.97420825
-0.971903069
-0.969500699
-0.96700138
-0.964405362
-0.961712903
-0.958924275
-0.956039754
-0.953059631
-0.949984202
-0.946813776
-0.943548669
-0.940189208
-0.936735728
-0.933188576
-0.929548106
-0.925814682
-0.921988678
-0.918070475
-0.914060466
-0.909959051
-0.905766641
-0.901483656
-0.897110523
-0.892647679
-0.888095572
-0.883454656
-0.878725395
-0.873908262
-0.869003739
-0.864012316
-0.858934493
-0.853770778
-0.848521685
-0.843187742
-0.83776948
-0.832267442
-0.826682178
-0.821014247
-0.815264214
-0.809432656
-0.803520156
-0.797527304
-0.7914547
-0.785302951
-0.779072673
-0.772764488
-0.766379027
-0.759916929
-0.753378839
-0.746765413
-0.74007731
-0.733315201
-0.726479761
-0.719571673
-0.712591628
-0.705540326
-0.698418469
-0.691226772
-0.683965952
-0.676636736
-0.669239857
-0.661776055
-0.654246076
-0.646650672
-0.638990604
-0.631266638
-0.623479545
-0.615630105
-0.607719103
-0.599747329
-0.591715581
-0.583624661
-0.57547538
-0.567268552
-0.559004997
-0.550685543
-0.54231102
-0.533882266
-0.525400125
-0.516865444
-0.508279077
-0.499641883
-0.490954725
-0.482218472
-0.473433997
-0.464602179
-0.455723902
-0.446800052
-0.437831523
-0.428819211
-0.419764018
-0.410666848
-0.401528612
-0.392350224
-0.383132601
-0.373876665
-0.364583341
-0.35525356
-0.345888253
-0.336488358
-0.327054815
-0.317588566
-0.308090559
-0.298561742
-0.28900307
-0.279415498
-0.269799985
-0.260157491
-0.250488983
-0.240795425
-0.231077788
-0.221337044
-0.211574166
-0.201790131
-0.191985917
-0.182162504
-0.172320876
-0.162462015
-0.152586909
-0.142696544
-0.132791909
-0.122873995
-0.112943794
-0.103002299
-0.093050503
-0.083089403
-0.073119994
-0.063143272
-0.053160237
-0.043171885
-0.033179217
-0.02318323
-0.013184925
-0.003185302
0.00681464
0.0168139
0.02681148
0.036806377
0.046797595
0.056784132
0.066764992
0.076739174
0.086705683
0.096663522
0.106611694
0.116549205
0.126475061
0.13638827
0.14628784
0.156172782
0.166042106
0.175894826
0.185729957
0.195546515
0.205343519
0.215119988
0.224874946
0.234607416
0.244316426
0.254001004
0.263660182
0.273292995
0.282898479
0.292475672
0.302023619
0.311541364
0.321027954
0.330482442
0.339903882
0.349291332
0.358643853
0.367960511
0.377240372
0.38648251
0.395685999
0.404849921
0.413973357
0.423055397
0.432095132
0.441091657
0.450044074
0.458951486
0.467813004
0.476627741
0.485394816
0.494113351
0.502782476
0.511401322
0.519969029
0.52848474
0.536947602
0.545356771
0.553711404
0.562010666
0.570253728
0.578439764
0.586567958
0.594637495
0.602647568
0.610597378
0.618486128
0.62631303
0.634077302
0.641778166
0.649414853
0.656986599
0.664492647
0.671932246
0.679304652
0.686609129
0.693844945
0.701011377
0.708107709
0.715133231
0.722087239
0.72896904
0.735777945
0.742513272
0.749174348
0.755760508
0.762271092
0.76870545
0.775062938
0.78134292
0.787544769
0.793667864
0.799711593
0.805675351
0.811558542
0.817360578
0.823080879
0.828718872
0.834273995
0.83974569
0.845133412
0.850436621
0.855654787
0.860787388
0.865833911
0.870793852
0.875666714
0.88045201
0.885149261
0.889757998
0.894277761
0.898708096
0.903048561
0.907298722
0.911458154
0.915526441
0.919503176
0.923387961
0.927180409
0.930880139
0.934486782
0.937999977
0.941419373
0.944744627
0.947975408
0.951111392
0.954152266
0.957097726
0.959947476
0.962701233
0.96535872
0.967919672
0.970383833
0.972750956
0.975020806
0.977193153
0.979267783
0.981244486
0.983123066
0.984903334
0.986585113
0.988168234
0.989652539
0.99103788
0.992324117
0.993511123
0.994598779
0.995586976
0.996475615
0.997264607
0.997953873
0.998543345
0.999032964
0.99942268
0.999712454
0.999902259
0.999992073
0.99998189
0.999871709
0.999661541
0.999351409
0.998941342
0.998431382
0.997821579
0.997111995
0.996302701
0.995393777
0.994385315
0.993277415
0.992070188
0.990763755
0.989358247
0.987853803
0.986250575
0.984548723
0.982748416
0.980849836
0.978853171
0.976758622
0.974566398
0.972276718
0.969889811
0.967405916
0.964825281
0.962148164
0.959374834
0.956505567
0.95354065
0.950480379
0.947325062
0.944075013
0.940730557
0.937292028
0.933759772
0.93013414
0.926415495
0.92260421
0.918700665
0.914705251
0.910618367
0.906440422
0.902171834
0.897813029
0.893364444
0.888826523
0.88419972
0.879484498
0.874681328
0.86979069
0.864813075
0.859748978
0.854598908
0.849363379
0.844042913
0.838638044
0.833149313
0.827577266
0.821922463
0.816185469
0.810366856
0.804467207
0.798487113
0.79242717
0.786287985
0.780070172
0.773774353
0.767401157
0.760951221
0.754425191
0.747823719
0.741147466
0.734397098
0.727573291
0.720676727
0.713708097
0.706668096
0.699557429
0.692376806
0.685126947
0.677808575
0.670422424
0.66296923
0.65544974
0.647864706
0.640214886
0.632501045
0.624723954
0.616884391
0.608983141
0.601020992
0.592998742
0.584917193
0.576777152
0.568579435
0.560324859
0.552014252
0.543648444
0.535228271
0.526754576
0.518228206
0.509650013
0.501020856
0.492341598
0.483613105
0.474836252
0.466011915
0.457140978
0.448224327
0.439262854
0.430257455
0.42120903
0.412118485
0.402986729
0.393814674
0.384603238
0.375353342
0.366065911
0.356741874
0.347382162
0.337987713
0.328559466
0.319098362
0.309605349
0.300081376
0.290527395
0.280944362
0.271333234
0.261694973
0.252030543
0.24234091
0.232627043
0.222889914
0.213130496
0.203349765
0.193548699
0.183728279
0.173889485
0.164033303
0.154160718
0.144272717
0.134370289
0.124454424
0.114526113
0.10458635
0.094636128
0.084676443
0.07470829
0.064732667
0.05475057
0.044762998
0.03477095
0.024775425
0.014777423
0.004777943
-0.005222015
-0.015221451
-0.025219365
-0.035214757
-0.045206627
-0.055193977
-0.065175808
-0.07515112
-0.085118918
-0.095078204
-0.105027983
-0.114967258
-0.124895037
-0.134810327
-0.144712135
-0.154599473
-0.164471351
-0.174326781
-0.184164779
-0.193984361
-0.203784545
-0.21356435
-0.223322799
-0.233058916
-0.242771727
-0.252460262
-0.26212355
-0.271760626
-0.281370527
-0.290952291
-0.300504959
-0.310027578
-0.319519194
-0.328978858
-0.338405625
-0.347798551
-0.357156698
-0.366479129
-0.375764913
-0.385013121
-0.394222827
-0.403393112
-0.412523058
-0.421611752
-0.430658285
-0.439661752
-0.448621254
-0.457535894
-0.46640478
-0.475227027
-0.484001751
-0.492728076
-0.501405128
-0.51003204
-0.51860795
-0.527131998
-0.535603335
-0.544021111

